1 60.0 27.0 325.0 304.0
2 139.0 30.0 153.0 264.0
3 14.0 112.0 388.0 186.0
4 112.0 90.0 255.0 242.0
5 70.0 50.0 134.0 303.0
6 33.0 53.0 251.0 395.0
7 7.0 75.0 420.0 262.0
8 78.0 86.0 333.0 158.0
9 112.0 76.0 221.0 189.0
10 27.0 4.0 199.0 201.0
11 1.0 52.0 342.0 260.0
12 47.0 21.0 179.0 249.0
13 36.0 32.0 197.0 457.0
14 37.0 40.0 262.0 184.0
15 23.0 80.0 395.0 237.0
16 141.0 87.0 256.0 211.0
17 40.0 38.0 254.0 209.0
18 45.0 58.0 254.0 249.0
19 135.0 83.0 304.0 181.0
20 23.0 195.0 255.0 122.0
61 144.0 40.0 333.0 165.0
62 202.0 28.0 164.0 340.0
63 72.0 68.0 383.0 225.0
64 60.0 128.0 438.0 106.0
65 32.0 35.0 259.0 361.0
66 41.0 79.0 387.0 202.0
67 156.0 35.0 126.0 259.0
68 108.0 123.0 230.0 149.0
69 82.0 75.0 308.0 260.0
70 89.0 172.0 108.0 146.0
71 83.0 124.0 211.0 250.0
72 75.0 80.0 375.0 277.0
73 41.0 31.0 384.0 260.0
74 45.0 31.0 268.0 306.0
75 38.0 91.0 316.0 193.0
76 137.0 72.0 202.0 211.0
77 15.0 25.0 409.0 274.0
78 193.0 46.0 202.0 195.0
79 99.0 115.0 316.0 284.0
80 71.0 50.0 312.0 236.0
121 196.0 96.0 222.0 147.0
122 102.0 128.0 396.0 148.0
123 105.0 133.0 168.0 283.0
124 169.0 41.0 180.0 249.0
125 1.0 134.0 316.0 345.0
126 36.0 63.0 448.0 252.0
127 92.0 117.0 327.0 121.0
128 55.0 49.0 176.0 150.0
129 206.0 107.0 140.0 115.0
130 98.0 24.0 240.0 313.0
131 114.0 30.0 205.0 281.0
132 75.0 2.0 397.0 330.0
133 86.0 57.0 130.0 270.0
134 49.0 75.0 366.0 157.0
135 33.0 118.0 235.0 173.0
136 121.0 74.0 149.0 134.0
137 134.0 96.0 123.0 289.0
138 165.0 34.0 288.0 296.0
139 98.0 140.0 181.0 247.0
140 6.0 1.0 493.0 497.0
181 140.0 76.0 141.0 297.0
182 62.0 108.0 308.0 310.0
183 113.0 88.0 216.0 268.0
184 61.0 41.0 230.0 414.0
185 226.0 140.0 163.0 109.0
186 63.0 90.0 435.0 199.0
187 115.0 62.0 323.0 286.0
188 71.0 43.0 320.0 245.0
189 200.0 149.0 111.0 117.0
190 166.0 113.0 233.0 152.0
191 170.0 73.0 145.0 212.0
192 62.0 28.0 234.0 355.0
193 86.0 100.0 161.0 329.0
194 61.0 52.0 377.0 290.0
195 205.0 140.0 182.0 173.0
196 228.0 28.0 187.0 281.0
197 166.0 86.0 207.0 214.0
198 174.0 29.0 264.0 370.0
199 102.0 103.0 209.0 342.0
200 103.0 46.0 174.0 328.0
241 101.0 64.0 165.0 404.0
242 52.0 51.0 278.0 448.0
243 22.0 45.0 225.0 373.0
244 1.0 14.0 295.0 224.0
245 25.0 39.0 247.0 460.0
246 124.0 116.0 235.0 245.0
247 39.0 59.0 175.0 212.0
248 32.0 43.0 138.0 128.0
249 130.0 59.0 176.0 400.0
250 31.0 9.0 139.0 255.0
251 156.0 54.0 236.0 423.0
252 11.0 8.0 201.0 302.0
253 113.0 15.0 217.0 312.0
254 5.0 25.0 308.0 459.0
255 45.0 23.0 256.0 447.0
256 10.0 69.0 220.0 299.0
257 34.0 141.0 251.0 331.0
258 114.0 75.0 143.0 338.0
259 53.0 62.0 142.0 280.0
260 84.0 101.0 117.0 251.0
301 74.0 89.0 104.0 152.0
302 95.0 111.0 227.0 310.0
303 62.0 65.0 146.0 240.0
304 69.0 59.0 203.0 220.0
305 120.0 37.0 205.0 262.0
306 24.0 21.0 241.0 417.0
307 75.0 58.0 268.0 222.0
308 52.0 35.0 373.0 371.0
309 56.0 54.0 135.0 240.0
310 14.0 8.0 179.0 207.0
311 120.0 120.0 203.0 101.0
312 116.0 95.0 272.0 222.0
313 80.0 82.0 151.0 162.0
314 109.0 94.0 164.0 212.0
315 31.0 107.0 170.0 218.0
316 1.0 106.0 192.0 296.0
317 95.0 69.0 161.0 130.0
318 17.0 25.0 178.0 237.0
319 175.0 217.0 157.0 179.0
320 122.0 70.0 228.0 261.0
361 114.0 92.0 229.0 326.0
362 78.0 61.0 411.0 279.0
363 185.0 49.0 232.0 272.0
364 81.0 62.0 189.0 412.0
365 142.0 111.0 198.0 327.0
366 90.0 57.0 224.0 417.0
367 9.0 40.0 109.0 129.0
368 0.0 22.0 197.0 261.0
369 48.0 82.0 234.0 309.0
370 123.0 30.0 259.0 347.0
371 47.0 76.0 181.0 249.0
372 49.0 155.0 230.0 244.0
373 9.0 12.0 154.0 137.0
374 86.0 90.0 168.0 355.0
375 73.0 67.0 177.0 401.0
376 178.0 129.0 135.0 155.0
377 28.0 72.0 438.0 167.0
378 172.0 148.0 217.0 135.0
379 0.0 10.0 495.0 312.0
380 0.0 6.0 360.0 386.0
421 54.0 75.0 304.0 229.0
422 227.0 130.0 188.0 102.0
423 4.0 29.0 495.0 470.0
424 157.0 111.0 106.0 100.0
425 107.0 34.0 390.0 282.0
426 7.0 122.0 296.0 364.0
427 90.0 77.0 192.0 313.0
428 77.0 41.0 245.0 285.0
429 90.0 119.0 181.0 310.0
430 104.0 120.0 199.0 158.0
431 76.0 77.0 293.0 275.0
432 73.0 72.0 410.0 192.0
433 117.0 48.0 324.0 205.0
434 102.0 104.0 327.0 180.0
435 201.0 114.0 236.0 191.0
436 192.0 181.0 296.0 171.0
437 42.0 37.0 341.0 221.0
438 71.0 144.0 189.0 319.0
439 85.0 137.0 290.0 193.0
440 166.0 53.0 211.0 249.0
481 21.0 43.0 405.0 328.0
482 82.0 52.0 326.0 376.0
483 95.0 73.0 282.0 320.0
484 187.0 129.0 131.0 226.0
485 130.0 124.0 351.0 205.0
486 138.0 137.0 126.0 260.0
487 110.0 144.0 171.0 156.0
488 218.0 39.0 205.0 360.0
489 75.0 74.0 255.0 190.0
490 208.0 180.0 100.0 108.0
491 147.0 39.0 137.0 277.0
492 141.0 148.0 173.0 174.0
493 204.0 101.0 180.0 122.0
494 21.0 178.0 290.0 145.0
495 88.0 101.0 234.0 182.0
496 112.0 143.0 218.0 219.0
497 77.0 95.0 155.0 222.0
498 39.0 128.0 295.0 188.0
499 159.0 90.0 109.0 139.0
500 121.0 103.0 354.0 191.0
541 17.0 24.0 457.0 450.0
542 145.0 88.0 304.0 195.0
543 133.0 61.0 255.0 215.0
544 139.0 91.0 174.0 326.0
545 113.0 79.0 327.0 173.0
546 75.0 123.0 283.0 222.0
547 63.0 90.0 344.0 311.0
548 50.0 65.0 179.0 185.0
549 10.0 10.0 465.0 313.0
550 161.0 126.0 226.0 140.0
551 144.0 80.0 255.0 177.0
552 73.0 11.0 404.0 274.0
553 161.0 43.0 187.0 317.0
554 6.0 8.0 465.0 402.0
555 121.0 72.0 297.0 235.0
556 133.0 100.0 316.0 156.0
557 72.0 71.0 418.0 415.0
558 139.0 60.0 339.0 248.0
559 85.0 115.0 282.0 146.0
560 106.0 43.0 265.0 252.0
581 93.0 83.0 379.0 318.0
582 81.0 121.0 258.0 298.0
583 140.0 65.0 273.0 230.0
584 88.0 121.0 229.0 144.0
585 160.0 106.0 127.0 143.0
586 96.0 64.0 294.0 394.0
587 32.0 110.0 249.0 265.0
588 161.0 65.0 237.0 281.0
589 86.0 148.0 324.0 152.0
590 88.0 56.0 168.0 136.0
591 177.0 175.0 158.0 166.0
592 151.0 98.0 160.0 223.0
593 210.0 120.0 156.0 149.0
594 102.0 49.0 147.0 133.0
595 87.0 68.0 195.0 156.0
596 195.0 92.0 207.0 138.0
597 181.0 156.0 184.0 109.0
598 127.0 142.0 366.0 182.0
599 84.0 26.0 238.0 148.0
600 152.0 136.0 287.0 200.0
641 111.0 120.0 179.0 157.0
642 104.0 107.0 184.0 285.0
643 116.0 57.0 332.0 333.0
644 161.0 75.0 161.0 184.0
645 183.0 69.0 141.0 332.0
646 98.0 102.0 270.0 178.0
647 72.0 104.0 285.0 350.0
648 117.0 88.0 195.0 213.0
649 102.0 77.0 198.0 198.0
650 42.0 111.0 267.0 161.0
651 1.0 128.0 338.0 171.0
652 165.0 153.0 309.0 235.0
653 124.0 89.0 157.0 216.0
654 136.0 247.0 244.0 187.0
655 109.0 110.0 292.0 315.0
656 1.0 100.0 299.0 276.0
657 152.0 56.0 259.0 301.0
658 180.0 89.0 261.0 235.0
659 116.0 123.0 174.0 189.0
660 104.0 61.0 324.0 194.0
701 117.0 95.0 149.0 186.0
702 84.0 68.0 370.0 232.0
703 32.0 132.0 252.0 293.0
704 146.0 66.0 200.0 346.0
705 208.0 114.0 271.0 217.0
706 92.0 91.0 220.0 364.0
707 141.0 61.0 275.0 284.0
708 58.0 93.0 132.0 158.0
709 33.0 14.0 451.0 482.0
710 37.0 71.0 197.0 210.0
711 169.0 74.0 164.0 159.0
712 289.0 126.0 123.0 147.0
713 93.0 76.0 194.0 196.0
714 18.0 79.0 284.0 377.0
715 123.0 85.0 348.0 242.0
716 90.0 59.0 228.0 273.0
717 66.0 38.0 208.0 222.0
718 121.0 141.0 211.0 166.0
719 15.0 95.0 304.0 321.0
720 90.0 57.0 187.0 315.0
761 119.0 93.0 152.0 223.0
762 119.0 78.0 144.0 137.0
763 91.0 149.0 219.0 174.0
764 86.0 145.0 206.0 161.0
765 109.0 37.0 307.0 277.0
766 127.0 117.0 154.0 243.0
767 51.0 62.0 307.0 263.0
768 274.0 25.0 204.0 208.0
769 120.0 150.0 127.0 168.0
770 142.0 90.0 215.0 196.0
771 95.0 121.0 117.0 121.0
772 89.0 110.0 142.0 195.0
773 52.0 147.0 260.0 200.0
774 145.0 75.0 181.0 161.0
775 7.0 105.0 431.0 288.0
776 102.0 145.0 183.0 140.0
777 66.0 84.0 315.0 136.0
778 88.0 72.0 346.0 256.0
779 174.0 52.0 309.0 226.0
780 51.0 77.0 312.0 226.0
821 136.0 90.0 100.0 244.0
822 52.0 72.0 218.0 322.0
823 173.0 90.0 195.0 281.0
824 175.0 176.0 159.0 136.0
825 249.0 138.0 145.0 115.0
826 26.0 69.0 388.0 171.0
827 113.0 105.0 341.0 233.0
828 116.0 153.0 218.0 162.0
829 211.0 125.0 227.0 146.0
830 78.0 140.0 214.0 117.0
831 59.0 57.0 434.0 396.0
832 1.0 38.0 439.0 335.0
833 156.0 116.0 158.0 208.0
834 125.0 98.0 209.0 156.0
835 172.0 52.0 184.0 213.0
836 111.0 16.0 249.0 302.0
837 130.0 122.0 307.0 327.0
838 28.0 72.0 339.0 208.0
839 87.0 47.0 378.0 246.0
840 124.0 163.0 211.0 203.0
881 134.0 134.0 221.0 330.0
882 119.0 39.0 295.0 247.0
883 75.0 38.0 386.0 277.0
884 105.0 78.0 207.0 218.0
885 83.0 93.0 132.0 293.0
886 89.0 96.0 286.0 183.0
887 209.0 79.0 139.0 244.0
888 168.0 156.0 102.0 123.0
889 224.0 114.0 121.0 158.0
890 179.0 69.0 160.0 211.0
891 114.0 25.0 192.0 251.0
892 73.0 81.0 241.0 203.0
893 159.0 78.0 190.0 210.0
894 94.0 107.0 154.0 121.0
895 127.0 198.0 127.0 125.0
896 198.0 69.0 234.0 255.0
897 85.0 17.0 334.0 345.0
898 118.0 19.0 354.0 291.0
899 142.0 49.0 166.0 307.0
900 113.0 36.0 311.0 185.0
941 0.0 73.0 341.0 355.0
942 159.0 126.0 157.0 338.0
943 137.0 54.0 186.0 357.0
944 293.0 75.0 141.0 255.0
945 33.0 50.0 171.0 205.0
946 33.0 47.0 282.0 427.0
947 26.0 32.0 415.0 251.0
948 75.0 38.0 203.0 375.0
949 101.0 80.0 262.0 419.0
950 93.0 114.0 316.0 335.0
951 193.0 114.0 224.0 198.0
952 106.0 65.0 157.0 392.0
953 63.0 35.0 134.0 271.0
954 67.0 109.0 222.0 160.0
955 183.0 32.0 211.0 317.0
956 25.0 29.0 135.0 103.0
957 76.0 113.0 377.0 242.0
958 121.0 23.0 241.0 340.0
959 57.0 40.0 194.0 147.0
960 27.0 6.0 148.0 127.0
1001 75.0 81.0 310.0 311.0
1002 96.0 90.0 148.0 191.0
1003 106.0 62.0 169.0 409.0
1004 112.0 82.0 338.0 321.0
1005 63.0 66.0 197.0 380.0
1006 164.0 124.0 230.0 171.0
1007 146.0 107.0 253.0 152.0
1008 205.0 115.0 140.0 190.0
1009 184.0 94.0 258.0 236.0
1010 151.0 100.0 315.0 202.0
1011 10.0 26.0 365.0 317.0
1012 259.0 67.0 152.0 278.0
1013 213.0 135.0 250.0 184.0
1014 49.0 48.0 355.0 318.0
1015 112.0 76.0 371.0 254.0
1016 183.0 92.0 117.0 108.0
1017 15.0 44.0 465.0 287.0
1018 59.0 124.0 275.0 160.0
1019 133.0 60.0 287.0 257.0
1020 29.0 89.0 332.0 214.0
1061 142.0 106.0 166.0 229.0
1062 82.0 123.0 277.0 205.0
1063 101.0 121.0 225.0 106.0
1064 99.0 60.0 278.0 293.0
1065 158.0 73.0 236.0 191.0
1066 41.0 76.0 403.0 207.0
1067 91.0 106.0 139.0 303.0
1068 102.0 198.0 184.0 243.0
1069 214.0 83.0 191.0 199.0
1070 28.0 170.0 166.0 300.0
1071 58.0 65.0 175.0 382.0
1072 120.0 88.0 376.0 289.0
1073 40.0 119.0 385.0 232.0
1074 48.0 120.0 190.0 207.0
1075 128.0 36.0 357.0 296.0
1076 131.0 157.0 166.0 158.0
1077 179.0 77.0 185.0 196.0
1078 225.0 48.0 115.0 283.0
1079 62.0 100.0 394.0 232.0
1080 87.0 125.0 231.0 120.0
1121 26.0 64.0 220.0 411.0
1122 0.0 81.0 404.0 186.0
1123 127.0 92.0 308.0 242.0
1124 231.0 181.0 154.0 115.0
1125 127.0 107.0 132.0 246.0
1126 142.0 61.0 263.0 210.0
1127 309.0 113.0 175.0 162.0
1128 155.0 77.0 158.0 251.0
1129 74.0 156.0 160.0 112.0
1130 14.0 18.0 480.0 270.0
1131 139.0 104.0 228.0 270.0
1132 27.0 83.0 317.0 204.0
1133 78.0 34.0 322.0 301.0
1134 26.0 81.0 272.0 182.0
1135 118.0 121.0 310.0 149.0
1136 153.0 95.0 230.0 242.0
1137 100.0 32.0 337.0 228.0
1138 103.0 82.0 284.0 371.0
1139 90.0 90.0 185.0 237.0
1140 61.0 22.0 427.0 295.0

